         ps       /sin_testbench/uut/sin/fsin_o    
          delta                                    
          0  +0        UUUUUUUUUUUUUUUUUUUUUUUU 
          0  +1        000000000000000000000000 
     165000  +3        111111111111110011011100 
     175000  +3        000000000000001100100100 
     185000  +3        000000000001010111111110 
     195000  +3        000000000010101111111011 
     205000  +3        000000000011111011010101 
     215000  +3        000000000101010011010011 
     225000  +3        000000000110011110101100 
     235000  +3        000000000111110110101010 
     245000  +3        000000001001000010000011 
     255000  +3        000000001010011010000001 
     265000  +3        000000001011110001111111 
     275000  +3        000000001100111101011000 
     285000  +3        000000001110010101010110 
     295000  +3        000000001111100000101111 
     305000  +3        000000010000111000101101 
     315000  +3        000000010010000100000110 
     325000  +3        000000010011011100000011 
     335000  +3        000000010100110100000001 
     345000  +3        000000010101111111011010 
     355000  +3        000000010111010111010111 
     365000  +3        000000011000100010110001 
     375000  +3        000000011001111010101110 
     385000  +3        000000011011000110000111 
     395000  +3        000000011100011110000100 
     405000  +3        000000011101101001011101 
     415000  +3        000000011111000001011010 
     425000  +3        000000100000001100110011 
     435000  +3        000000100001100100110000 
     445000  +3        000000100010111100101101 
     455000  +3        000000100100001000000110 
     465000  +3        000000100101100000000011 
     475000  +3        000000100110110111111111 
     485000  +3        000000101000000011011000 
     495000  +3        000000101001001110110001 
     505000  +3        000000101010100110101101 
     515000  +3        000000101011110010000110 
     525000  +3        000000101101001010000010 
     535000  +3        000000101110100001111110 
     545000  +3        000000101111101101010110 
     555000  +3        000000110001000101010011 
     565000  +3        000000110010010000101011 
     575000  +3        000000110011101000100111 
     585000  +3        000000110100110011111111 
     595000  +3        000000110110001011111010 
     605000  +3        000000110111100011110110 
     615000  +3        000000111000101111001110 
     625000  +3        000000111010000111001001 
     635000  +3        000000111011010010100001 
     645000  +3        000000111100101010011100 
     655000  +3        000000111101110101110011 
     665000  +3        000000111111001101101111 
     675000  +3        000001000000011001000110 
     685000  +3        000001000001110001000001 
     695000  +3        000001000010111100011000 
     705000  +3        000001000100010100010010 
     715000  +3        000001000101101100001101 
     725000  +3        000001000110110111100011 
     735000  +3        000001001000001111011110 
     745000  +3        000001001001011010110100 
     755000  +3        000001001010110010101110 
     765000  +3        000001001011111110000100 
     775000  +3        000001001101010101111110 
     785000  +3        000001001110101101111000 
     795000  +3        000001001111111001001110 
     805000  +3        000001010001010001000111 
     815000  +3        000001010010101001000000 
     825000  +3        000001010011110100010110 
     835000  +3        000001010100111111101011 
     845000  +3        000001010110010111100100 
     855000  +3        000001010111101111011101 
     865000  +3        000001011000111010110010 
     875000  +3        000001011010010010101010 
     885000  +3        000001011011011101111111 
     895000  +3        000001011100110101110111 
     905000  +3        000001011110001101101111 
     915000  +3        000001011111011001000011 
     925000  +3        000001100000110000111010 
     935000  +3        000001100001111100001110 
     945000  +3        000001100011010100000110 
     955000  +3        000001100100011111011001 
     965000  +3        000001100101110111010000 
     975000  +3        000001100111000010100100 
     985000  +3        000001101000011010011010 
     995000  +3        000001101001110010010001 
    1005000  +3        000001101010111101100100 
    1015000  +3        000001101100010101011001 
    1025000  +3        000001101101100000101100 
    1035000  +3        000001101110111000100010 
    1045000  +3        000001110000000011110100 
    1055000  +3        000001110001011011101001 
    1065000  +3        000001110010110011011110 
    1075000  +3        000001110011111110110000 
    1085000  +3        000001110101001010000010 
    1095000  +3        000001110110100001110110 
    1105000  +3        000001110111111001101010 
    1115000  +3        000001111001000100111011 
    1125000  +3        000001111010011100101111 
    1135000  +3        000001111011101000000000 
    1145000  +3        000001111100111111110011 
    1155000  +3        000001111110010111100110 
    1165000  +3        000001111111100010110111 
    1175000  +3        000010000000101110000111 
    1185000  +3        000010000010000101111001 
    1195000  +3        000010000011011101101011 
    1205000  +3        000010000100110101011101 
    1215000  +3        000010000110000000101101 
    1225000  +3        000010000111001011111100 
    1235000  +3        000010001000100011101101 
    1245000  +3        000010001001101110111100 
    1255000  +3        000010001011000110101101 
    1265000  +3        000010001100011110011101 
    1275000  +3        000010001101101001101011 
    1285000  +3        000010001111000001011011 
    1295000  +3        000010010000001100101001 
    1305000  +3        000010010001100100011001 
    1315000  +3        000010010010101111100110 
    1325000  +3        000010010100000111010101 
    1335000  +3        000010010101011111000100 
    1345000  +3        000010010110101010010000 
    1355000  +3        000010011000000001111111 
    1365000  +3        000010011001001101001011 
    1375000  +3        000010011010100100111000 
    1385000  +3        000010011011110000000100 
    1395000  +3        000010011101000111110001 
    1405000  +3        000010011110010010111100 
    1415000  +3        000010011111101010101001 
    1425000  +3        000010100001000010010110 
    1435000  +3        000010100010001101100000 
    1445000  +3        000010100011100101001100 
    1455000  +3        000010100100111100111000 
    1465000  +3        000010100110001000000001 
    1475000  +3        000010100111010011001011 
    1485000  +3        000010101000101010110110 
    1495000  +3        000010101010000010100000 
    1505000  +3        000010101011001101101001 
    1515000  +3        000010101100100101010011 
    1525000  +3        000010101101110000011011 
    1535000  +3        000010101111001000000100 
    1545000  +3        000010110000010011001100 
    1555000  +3        000010110001101010110100 
    1565000  +3        000010110011000010011101 
    1575000  +3        000010110100001101100100 
    1585000  +3        000010110101100101001011 
    1595000  +3        000010110110110000010010 
    1605000  +3        000010111000000111111001 
    1615000  +3        000010111001010010111111 
    1625000  +3        000010111010101010100101 
    1635000  +3        000010111011110101101010 
    1645000  +3        000010111101001101010000 
    1655000  +3        000010111110011000010101 
    1665000  +3        000010111111101111111010 
    1675000  +3        000011000001000111011111 
    1685000  +3        000011000010010010100011 
    1695000  +3        000011000011101010000111 
    1705000  +3        000011000100110101001010 
    1715000  +3        000011000110001100101110 
    1725000  +3        000011000111010111110000 
    1735000  +3        000011001000101111010011 
    1745000  +3        000011001001111010010101 
    1755000  +3        000011001011010001111000 
    1765000  +3        000011001100101001011001 
    1775000  +3        000011001101110100011010 
    1785000  +3        000011001111001011111011 
    1795000  +3        000011010000100011011100 
    1805000  +3        000011010001101110011100 
    1815000  +3        000011010011000101111100 
    1825000  +3        000011010100010000111100 
    1835000  +3        000011010101101000011011 
    1845000  +3        000011010110110011011010 
    1855000  +3        000011011000001010111001 
    1865000  +3        000011011001010101110111 
    1875000  +3        000011011010101101010101 
    1885000  +3        000011011011111000010011 
    1895000  +3        000011011101001111110000 
    1905000  +3        000011011110100111001100 
    1915000  +3        000011011111110010001001 
    1925000  +3        000011100001001001100101 
    1935000  +3        000011100010010100100001 
    1945000  +3        000011100011101011111100 
    1955000  +3        000011100100110110110111 
    1965000  +3        000011100110001110010010 
    1975000  +3        000011100111011001001100 
    1985000  +3        000011101000110000100110 
    1995000  +3        000011101010000111111111 
    2005000  +3        000011101011010010111000 
    2015000  +3        000011101100101010010001 
    2025000  +3        000011101101110101001010 
    2035000  +3        000011101111001100100001 
    2045000  +3        000011110000100011111000 
    2055000  +3        000011110001101110110000 
    2065000  +3        000011110010111001101000 
    2075000  +3        000011110100010000111101 
    2085000  +3        000011110101101000010011 
    2095000  +3        000011110110110011001001 
    2105000  +3        000011111000001010011110 
    2115000  +3        000011111001100001110010 
    2125000  +3        000011111010101100100111 
    2135000  +3        000011111011110111011100 
    2145000  +3        000011111101001110101111 
    2155000  +3        000011111110100110000001 
    2165000  +3        000011111111110000110101 
    2175000  +3        000100000001001000000110 
    2185000  +3        000100000010010010111010 
    2195000  +3        000100000011101010001010 
    2205000  +3        000100000101000001011010 
    2215000  +3        000100000110001100001100 
    2225000  +3        000100000111010110111110 
    2235000  +3        000100001000101110001100 
    2245000  +3        000100001010000101011011 
    2255000  +3        000100001011010000001011 
    2265000  +3        000100001100100111011000 
    2275000  +3        000100001101110010001000 
    2285000  +3        000100001111001001010101 
    2295000  +3        000100010000100000100000 
    2305000  +3        000100010001101011001111 
    2315000  +3        000100010010110101111101 
    2325000  +3        000100010100001101000111 
    2335000  +3        000100010101100100010001 
    2345000  +3        000100010110101110111110 
    2355000  +3        000100011000000110000111 
    2365000  +3        000100011001011101010000 
    2375000  +3        000100011010100111111011 
    2385000  +3        000100011011111111000011 
    2395000  +3        000100011101001001101110 
    2405000  +3        000100011110100000110100 
    2415000  +3        000100011111101011011110 
    2425000  +3        000100100001000010100100 
    2435000  +3        000100100010001101001101 
    2445000  +3        000100100011100100010001 
    2455000  +3        000100100100111011010110 
    2465000  +3        000100100110000101111101 
    2475000  +3        000100100111011101000000 
    2485000  +3        000100101000100111100111 
    2495000  +3        000100101001111110101001 
    2505000  +3        000100101011001001001111 
    2515000  +3        000100101100100000010000 
    2525000  +3        000100101101110111010001 
    2535000  +3        000100101111000001110101 
    2545000  +3        000100110000011000110101 
    2555000  +3        000100110001100011011001 
    2565000  +3        000100110010111010010111 
    2575000  +3        000100110100000100111010 
    2585000  +3        000100110101011011110111 
    2595000  +3        000100110110100110011001 
    2605000  +3        000100110111111101010101 
    2615000  +3        000100111001010100010001 
    2625000  +3        000100111010011110110010 
    2635000  +3        000100111011110101101100 
    2645000  +3        000100111101000000001100 
    2655000  +3        000100111110010111000101 
    2665000  +3        000100111111100001100100 
    2675000  +3        000101000000111000011101 
    2685000  +3        000101000010001111010100 
    2695000  +3        000101000011011001110010 
    2705000  +3        000101000100110000101000 
    2715000  +3        000101000101111011000101 
    2725000  +3        000101000111010001111010 
    2735000  +3        000101001000011100010110 
    2745000  +3        000101001001110011001010 
    2755000  +3        000101001010111101100100 
    2765000  +3        000101001100010100011000 
    2775000  +3        000101001101101011001011 
    2785000  +3        000101001110110101100011 
    2795000  +3        000101010000001100010101 
    2805000  +3        000101010001010110101101 
    2815000  +3        000101010010101101011101 
    2825000  +3        000101010011110111110100 
    2835000  +3        000101010101001110100100 
    2845000  +3        000101010110011000111001 
    2855000  +3        000101010111101111101000 
    2865000  +3        000101011001000110010101 
    2875000  +3        000101011010010000101001 
    2885000  +3        000101011011100111010110 
    2895000  +3        000101011100110001101001 
    2905000  +3        000101011110001000010100 
    2915000  +3        000101011111010010100110 
    2925000  +3        000101100000101001010000 
    2935000  +3        000101100001110011100001 
    2945000  +3        000101100011001010001010 
    2955000  +3        000101100100010100011010 
    2965000  +3        000101100101101011000010 
    2975000  +3        000101100111000001101001 
    2985000  +3        000101101000001011110111 
    2995000  +3        000101101001100010011101 
    3005000  +3        000101101010101100101010 
    3015000  +3        000101101100000011001111 
    3025000  +3        000101101101011001110011 
    3035000  +3        000101101110100011111110 
    3045000  +3        000101101111111010100001 
    3055000  +3        000101110001000100101100 
    3065000  +3        000101110010011011001101 
    3075000  +3        000101110011100101010110 
    3085000  +3        000101110100111011110110 
    3095000  +3        000101110110000101111111 
    3105000  +3        000101110111011100011110 
    3115000  +3        000101111000110010111100 
    3125000  +3        000101111001111101000010 
    3135000  +3        000101111011010011011111 
    3145000  +3        000101111100011101100101 
    3155000  +3        000101111101110100000000 
    3165000  +3        000101111110111110000101 
    3175000  +3        000110000000010100011111 
    3185000  +3        000110000001101010111000 
    3195000  +3        000110000010110100111011 
    3205000  +3        000110000100001011010011 
    3215000  +3        000110000101010101010101 
    3225000  +3        000110000110011111010110 
    3235000  +3        000110000111110101101100 
    3245000  +3        000110001001001100000010 
    3255000  +3        000110001010100010010110 
    3265000  +3        000110001011101100010101 
    3275000  +3        000110001100110110010011 
    3285000  +3        000110001110001100100110 
    3295000  +3        000110001111010110100011 
    3305000  +3        000110010000101100110101 
    3315000  +3        000110010010000011000101 
    3325000  +3        000110010011001101000000 
    3335000  +3        000110010100100011010000 
    3345000  +3        000110010101101101001010 
    3355000  +3        000110010111000011011000 
    3365000  +3        000110011000011001100101 
    3375000  +3        000110011001100011011101 
    3385000  +3        000110011010111001101000 
    3395000  +3        000110011100000011100000 
    3405000  +3        000110011101011001101010 
    3415000  +3        000110011110100011100000 
    3425000  +3        000110011111111001101000 
    3435000  +3        000110100001000011011101 
    3445000  +3        000110100010011001100101 
    3455000  +3        000110100011101111101011 
    3465000  +3        000110100100111001011110 
    3475000  +3        000110100110001111100011 
    3485000  +3        000110100111011001010101 
    3495000  +3        000110101000101111011000 
    3505000  +3        000110101001111001001001 
    3515000  +3        000110101011001111001011 
    3525000  +3        000110101100100101001100 
    3535000  +3        000110101101101110111011 
    3545000  +3        000110101111000100111011 
    3555000  +3        000110110000001110101000 
    3565000  +3        000110110001100100100110 
    3575000  +3        000110110010101110010010 
    3585000  +3        000110110100000100001111 
    3595000  +3        000110110101011010001011 
    3605000  +3        000110110110100011110101 
    3615000  +3        000110110111111001110000 
    3625000  +3        000110111001000011011001 
    3635000  +3        000110111010011001010010 
    3645000  +3        000110111011100010111001 
    3655000  +3        000110111100111000110001 
    3665000  +3        000110111110000010010111 
    3675000  +3        000110111111011000001101 
    3685000  +3        000111000000101110000010 
    3695000  +3        000111000001110111100110 
    3705000  +3        000111000011000001001001 
    3715000  +3        000111000100010110111101 
    3725000  +3        000111000101101100101111 
    3735000  +3        000111000110110110010000 
    3745000  +3        000111001000001100000001 
    3755000  +3        000111001001100001110001 
    3765000  +3        000111001010101011010000 
    3775000  +3        000111001100000000111110 
    3785000  +3        000111001101001010011100 
    3795000  +3        000111001110100000001001 
    3805000  +3        000111001111101001100101 
    3815000  +3        000111010000111111010000 
    3825000  +3        000111010010010100111011 
    3835000  +3        000111010011011110010101 
    3845000  +3        000111010100100111101111 
    3855000  +3        000111010101111101010111 
    3865000  +3        000111010111010010111110 
    3875000  +3        000111011000011100010110 
    3885000  +3        000111011001110001111011 
    3895000  +3        000111011010111011010001 
    3905000  +3        000111011100010000110101 
    3915000  +3        000111011101100110011000 
    3925000  +3        000111011110101111101100 
    3935000  +3        000111100000000101001110 
    3945000  +3        000111100001001110100000 
    3955000  +3        000111100010010111110010 
    3965000  +3        000111100011101101010001 
    3975000  +3        000111100101000010101111 
    3985000  +3        000111100110001011111111 
    3995000  +3        000111100111100001011011 
    4005000  +3        000111101000110110110111 
    4015000  +3        000111101010000000000101 
    4025000  +3        000111101011010101011110 
    4035000  +3        000111101100011110101011 
    4045000  +3        000111101101110100000011 
    4055000  +3        000111101110111101001101 
    4065000  +3        000111110000010010100100 
    4075000  +3        000111110001011011101101 
    4085000  +3        000111110010110001000010 
    4095000  +3        000111110011111010001010 
    4105000  +3        000111110101001111011101 
    4115000  +3        000111110110100100101111 
    4125000  +3        000111110111101101110100 
    4135000  +3        000111111001000011000101 
    4145000  +3        000111111010001100001001 
    4155000  +3        000111111011100001010111 
    4165000  +3        000111111100101010011010 
    4175000  +3        000111111101111111100111 
    4185000  +3        000111111111010100110011 
    4195000  +3        001000000000011101110011 
    4205000  +3        001000000001110010111101 
    4215000  +3        001000000010111011111100 
    4225000  +3        001000000100010001000100 
    4235000  +3        001000000101011010000010 
    4245000  +3        001000000110101111001000 
    4255000  +3        001000000111111000000100 
    4265000  +3        001000001001001101001001 
    4275000  +3        001000001010010110000011 
    4285000  +3        001000001011101011000110 
    4295000  +3        001000001101000000001000 
    4305000  +3        001000001110001001000000 
    4315000  +3        001000001111011110000001 
    4325000  +3        001000010000110011000000 
    4335000  +3        001000010001111011110101 
    4345000  +3        001000010011010000110011 
    4355000  +3        001000010100011001100111 
    4365000  +3        001000010101101110100010 
    4375000  +3        001000010110110111010101 
    4385000  +3        001000011000001100001111 
    4395000  +3        001000011001010101000000 
    4405000  +3        001000011010101001111000 
    4415000  +3        001000011011110010100111 
    4425000  +3        001000011101000111011101 
    4435000  +3        001000011110011100010010 
    4445000  +3        001000011111100100111111 
    4455000  +3        001000100000111001110010 
    4465000  +3        001000100010000010011101 
    4475000  +3        001000100011010111001111 
    4485000  +3        001000100100011111111000 
    4495000  +3        001000100101110100101000 
    4505000  +3        001000100110111101010000 
    4515000  +3        001000101000010001111110 
    4525000  +3        001000101001100110101010 
    4535000  +3        001000101010101111010000 
    4545000  +3        001000101100000011111010 
    4555000  +3        001000101101001100011110 
    4565000  +3        001000101110100001000111 
    4575000  +3        001000101111101001101001 
    4585000  +3        001000110000111110010000 
    4595000  +3        001000110010010010110110 
    4605000  +3        001000110011011011010110 
    4615000  +3        001000110100101111111010 
    4625000  +3        001000110101111000011000 
    4635000  +3        001000110111001100111010 
    4645000  +3        001000111000010101010110 
    4655000  +3        001000111001101001110110 
    4665000  +3        001000111010110010010001 
    4675000  +3        001000111100000110101111 
    4685000  +3        001000111101001111001000 
    4695000  +3        001000111110100011100100 
    4705000  +3        001000111111110111111111 
    4715000  +3        001001000001000000010110 
    4725000  +3        001001000010010100101111 
    4735000  +3        001001000011101001000111 
    4745000  +3        001001000100110001011011 
    4755000  +3        001001000110000101110001 
    4765000  +3        001001000111001110000011 
    4775000  +3        001001001000100010010111 
    4785000  +3        001001001001101010100111 
    4795000  +3        001001001010111110111010 
    4805000  +3        001001001100000111001000 
    4815000  +3        001001001101011011011000 
    4825000  +3        001001001110101111100111 
    4835000  +3        001001001111110111110011 
    4845000  +3        001001010001001100000000 
    4855000  +3        001001010010010100001010 
    4865000  +3        001001010011101000010101 
    4875000  +3        001001010100110000011110 
    4885000  +3        001001010110000100100111 
    4895000  +3        001001010111001100101101 
    4905000  +3        001001011000100000110100 
    4915000  +3        001001011001101000111001 
    4925000  +3        001001011010111100111110 
    4935000  +3        001001011100010001000010 
    4945000  +3        001001011101011001000100 
    4955000  +3        001001011110101101000110 
    4965000  +3        001001011111110101000110 
    4975000  +3        001001100001001001000110 
    4985000  +3        001001100010011101000100 
    4995000  +3        001001100011100101000010 
    5005000  +3        001001100100111000111110 
    5015000  +3        001001100110000000111010 
    5025000  +3        001001100111010100110100 
    5035000  +3        001001101000011100101110 
    5045000  +3        001001101001110000100110 
    5055000  +3        001001101010111000011111 
    5065000  +3        001001101100001100010101 
    5075000  +3        001001101101100000001001 
    5085000  +3        001001101110100111111111 
    5095000  +3        001001101111111011110010 
    5105000  +3        001001110001000011100101 
    5115000  +3        001001110010010111010110 
    5125000  +3        001001110011101011000101 
    5135000  +3        001001110100110010110110 
    5145000  +3        001001110101111010100110 
    5155000  +3        001001110111001110010010 
    5165000  +3        001001111000100001111101 
    5175000  +3        001001111001101001101010 
    5185000  +3        001001111010111101010011 
    5195000  +3        001001111100000100111111 
    5205000  +3        001001111101011000100101 
    5215000  +3        001001111110100000001111 
    5225000  +3        001001111111110011110011 
    5235000  +3        001010000001000111010111 
    5245000  +3        001010000010001110111101 
    5255000  +3        001010000011100010011110 
    5265000  +3        001010000100101010000011 
    5275000  +3        001010000101111101100010 
    5285000  +3        001010000111000101000101 
    5295000  +3        001010001000011000100001 
    5305000  +3        001010001001101011111101 
    5315000  +3        001010001010110011011101 
    5325000  +3        001010001011111010111100 
    5335000  +3        001010001101001110010100 
    5345000  +3        001010001110100001101011 
    5355000  +3        001010001111101001000111 
    5365000  +3        001010010000111100011100 
    5375000  +3        001010010010000011110110 
    5385000  +3        001010010011010111001000 
    5395000  +3        001010010100011110100001 
    5405000  +3        001010010101110001110001 
    5415000  +3        001010010111000101000000 
    5425000  +3        001010011000001100010101 
    5435000  +3        001010011001011111100010 
    5445000  +3        001010011010100110110101 
    5455000  +3        001010011011111010000000 
    5465000  +3        001010011101001101001001 
    5475000  +3        001010011110010100011001 
    5485000  +3        001010011111011011101000 
    5495000  +3        001010100000101110101110 
    5505000  +3        001010100001110101111100 
    5515000  +3        001010100011001000111111 
    5525000  +3        001010100100011100000010 
    5535000  +3        001010100101100011001100 
    5545000  +3        001010100110110110001100 
    5555000  +3        001010101000001001001011 
    5565000  +3        001010101001010000010010 
    5575000  +3        001010101010100011001110 
    5585000  +3        001010101011101010010100 
    5595000  +3        001010101100111101001110 
    5605000  +3        001010101110000100010001 
    5615000  +3        001010101111010111001001 
    5625000  +3        001010110000101001111111 
    5635000  +3        001010110001110000111111 
    5645000  +3        001010110011000011110100 
    5655000  +3        001010110100001010110010 
    5665000  +3        001010110101011101100011 
    5675000  +3        001010110110100100011111 
    5685000  +3        001010110111110111001111 
    5695000  +3        001010111000111110001001 
    5705000  +3        001010111010010000110110 
    5715000  +3        001010111011100011100001 
    5725000  +3        001010111100101010011000 
    5735000  +3        001010111101111101000010 
    5745000  +3        001010111111000011110110 
    5755000  +3        001011000000010110011101 
    5765000  +3        001011000001011101010000 
    5775000  +3        001011000010101111110101 
    5785000  +3        001011000011110110100101 
    5795000  +3        001011000101001001000111 
    5805000  +3        001011000110011011101000 
    5815000  +3        001011000111100010010101 
    5825000  +3        001011001000110100110100 
    5835000  +3        001011001001111011011111 
    5845000  +3        001011001011001101111011 
    5855000  +3        001011001100010100100100 
    5865000  +3        001011001101100110111110 
    5875000  +3        001011001110111001010110 
    5885000  +3        001011001111111111111100 
    5895000  +3        001011010001000110100001 
    5905000  +3        001011010010011000110101 
    5915000  +3        001011010011101011001000 
    5925000  +3        001011010100110001101010 
    5935000  +3        001011010110000011111011 
    5945000  +3        001011010111001010011010 
    5955000  +3        001011011000011100101001 
    5965000  +3        001011011001100011000110 
    5975000  +3        001011011010110101010010 
    5985000  +3        001011011100000111011100 
    5995000  +3        001011011101001101110110 
    6005000  +3        001011011110011111111110 
    6015000  +3        001011011111100110010110 
    6025000  +3        001011100000111000011100 
    6035000  +3        001011100010001010100000 
    6045000  +3        001011100011010000110100 
    6055000  +3        001011100100010111001000 
    6065000  +3        001011100101101001001000 
    6075000  +3        001011100110111011000111 
    6085000  +3        001011101000000001010111 
    6095000  +3        001011101001010011010100 
    6105000  +3        001011101010011001100010 
    6115000  +3        001011101011101011011100 
    6125000  +3        001011101100111101010100 
    6135000  +3        001011101110000011011111 
    6145000  +3        001011101111001001101001 
    6155000  +3        001011110000011011011101 
    6165000  +3        001011110001101101010001 
    6175000  +3        001011110010110011010111 
    6185000  +3        001011110100000101001000 
    6195000  +3        001011110101001011001100 
    6205000  +3        001011110110011100111010 
    6215000  +3        001011110111100010111100 
    6225000  +3        001011111000110100100111 
    6235000  +3        001011111010000110010010 
    6245000  +3        001011111011001100010000 
    6255000  +3        001011111100011101111000 
    6265000  +3        001011111101100011110100 
    6275000  +3        001011111110110101011001 
    6285000  +3        001011111111111011010011 
    6295000  +3        001100000001001100110101 
    6305000  +3        001100000010010010101101 
    6315000  +3        001100000011100100001100 
    6325000  +3        001100000100110101101010 
    6335000  +3        001100000101111011011111 
    6345000  +3        001100000111001100111010 
    6355000  +3        001100001000011110010100 
    6365000  +3        001100001001100100000101 
    6375000  +3        001100001010110101011100 
    6385000  +3        001100001011111011001011 
    6395000  +3        001100001101001100100000 
    6405000  +3        001100001110010010001100 
    6415000  +3        001100001111100011011110 
    6425000  +3        001100010000101001001000 
    6435000  +3        001100010001111010010111 
    6445000  +3        001100010010111111111111 
    6455000  +3        001100010100010001001011 
    6465000  +3        001100010101010110110001 
    6475000  +3        001100010110100111111011 
    6485000  +3        001100010111101101011101 
    6495000  +3        001100011000111110100101 
    6505000  +3        001100011010001111101011 
    6515000  +3        001100011011010101001010 
    6525000  +3        001100011100100110001101 
    6535000  +3        001100011101110111001111 
    6545000  +3        001100011110111100101010 
    6555000  +3        001100100000001101101001 
    6565000  +3        001100100001010011000011 
    6575000  +3        001100100010100011111111 
    6585000  +3        001100100011101001010110 
    6595000  +3        001100100100111010001111 
    6605000  +3        001100100101111111100100 
    6615000  +3        001100100111010000011011 
    6625000  +3        001100101000100001010000 
    6635000  +3        001100101001100110100001 
    6645000  +3        001100101010110111010011 
    6655000  +3        001100101011111100100010 
    6665000  +3        001100101101001101010010 
    6675000  +3        001100101110010010011110 
    6685000  +3        001100101111100011001011 
    6695000  +3        001100110000101000010100 
    6705000  +3        001100110001111000111111 
    6715000  +3        001100110011001001100111 
    6725000  +3        001100110100001110101101 
    6735000  +3        001100110101011111010011 
    6745000  +3        001100110110100100010111 
    6755000  +3        001100110111110100111010 
    6765000  +3        001100111000111001111011 
    6775000  +3        001100111010001010011011 
    6785000  +3        001100111011011010111010 
    6795000  +3        001100111100011111110111 
    6805000  +3        001100111101110000010011 
    6815000  +3        001100111110110101001110 
    6825000  +3        001101000000000101100111 
    6835000  +3        001101000001001010100000 
    6845000  +3        001101000010011010110110 
    6855000  +3        001101000011011111101100 
    6865000  +3        001101000100101111111111 
    6875000  +3        001101000101110100110011 
    6885000  +3        001101000111000101000011 
    6895000  +3        001101001000010101010010 
    6905000  +3        001101001001011010000010 
    6915000  +3        001101001010101010001110 
    6925000  +3        001101001011101110111011 
    6935000  +3        001101001100111111000100 
    6945000  +3        001101001110000011101111 
    6955000  +3        001101001111010011110101 
    6965000  +3        001101010000100011111010 
    6975000  +3        001101010001101000100001 
    6985000  +3        001101010010111000100011 
    6995000  +3        001101010011111101001000 
    7005000  +3        001101010101001101000110 
    7015000  +3        001101010110011101000011 
    7025000  +3        001101010111100001100100 
    7035000  +3        001101011000110001011110 
    7045000  +3        001101011001110101111101 
    7055000  +3        001101011010111010011010 
    7065000  +3        001101011100001010010000 
    7075000  +3        001101011101011010000100 
    7085000  +3        001101011110011110011110 
    7095000  +3        001101011111101110001111 
    7105000  +3        001101100000111101111111 
    7115000  +3        001101100010000010010100 
    7125000  +3        001101100011010010000001 
    7135000  +3        001101100100010110010100 
    7145000  +3        001101100101100101111110 
    7155000  +3        001101100110101010001110 
    7165000  +3        001101100111111001110101 
    7175000  +3        001101101000111110000010 
    7185000  +3        001101101010001101100110 
    7195000  +3        001101101011011101001001 
    7205000  +3        001101101100100001010010 
    7215000  +3        001101101101110000110010 
    7225000  +3        001101101110110100111001 
    7235000  +3        001101110000000100010101 
    7245000  +3        001101110001001000011010 
    7255000  +3        001101110010010111110011 
    7265000  +3        001101110011011011110101 
    7275000  +3        001101110100101011001011 
    7285000  +3        001101110101111010100000 
    7295000  +3        001101110110111110011110 
    7305000  +3        001101111000001101101111 
    7315000  +3        001101111001010001101011 
    7325000  +3        001101111010100000111001 
    7335000  +3        001101111011100100110010 
    7345000  +3        001101111100110011111110 
    7355000  +3        001101111110000011000111 
    7365000  +3        001101111111000110111100 
    7375000  +3        001110000000001010110000 
    7385000  +3        001110000001011001110101 
    7395000  +3        001110000010101000111001 
    7405000  +3        001110000011101100101000 
    7415000  +3        001110000100111011101001 
    7425000  +3        001110000101111111010110 
    7435000  +3        001110000111001110010011 
    7445000  +3        001110001000011101001111 
    7455000  +3        001110001001100000111000 
    7465000  +3        001110001010101111110000 
    7475000  +3        001110001011110011010111 
    7485000  +3        001110001101000010001100 
    7495000  +3        001110001110010001000000 
    7505000  +3        001110001111010100100010 
    7515000  +3        001110010000011000000011 
    7525000  +3        001110010001100110110010 
    7535000  +3        001110010010110101100000 
    7545000  +3        001110010011111000111101 
    7555000  +3        001110010101000111100111 
    7565000  +3        001110010110001011000001 
    7575000  +3        001110010111011001101001 
    7585000  +3        001110011000011101000000 
    7595000  +3        001110011001101011100100 
    7605000  +3        001110011010111010000111 
    7615000  +3        001110011011111101011010 
    7625000  +3        001110011101001011111001 
    7635000  +3        001110011110001111001010 
    7645000  +3        001110011111011101100110 
    7655000  +3        001110100000100000110100 
    7665000  +3        001110100001101111001101 
    7675000  +3        001110100010110010011000 
    7685000  +3        001110100100000000101101 
    7695000  +3        001110100101001111000001 
    7705000  +3        001110100110010010001000 
    7715000  +3        001110100111010101001110 
    7725000  +3        001110101000100011011101 
    7735000  +3        001110101001110001101011 
    7745000  +3        001110101010111111110111 
    7755000  +3        001110101100000010110111 
    7765000  +3        001110101101010000111111 
    7775000  +3        001110101110010011111100 
    7785000  +3        001110101111100010000010 
    7795000  +3        001110110000100100111100 
    7805000  +3        001110110001110010111110 
    7815000  +3        001110110010110101110110 
    7825000  +3        001110110100000011110101 
    7835000  +3        001110110101000110101010 
    7845000  +3        001110110110010100100101 
    7855000  +3        001110110111010111010111 
    7865000  +3        001110111000100101010000 
    7875000  +3        001110111001110011000111 
    7885000  +3        001110111010110101110100 
    7895000  +3        001110111100000011101000 
    7905000  +3        001110111101010001011010 
    7915000  +3        001110111110010100000011 
    7925000  +3        001110111111010110101011 
    7935000  +3        001111000000100100011000 
    7945000  +3        001111000001110010000011 
    7955000  +3        001111000010110100100111 
    7965000  +3        001111000100000010001111 
    7975000  +3        001111000101000100101111 
    7985000  +3        001111000110010010010100 
    7995000  +3        001111000111010100110010 
    8005000  +3        001111001000100010010011 
    8015000  +3        001111001001100100101110 
    8025000  +3        001111001010110010001100 
    8035000  +3        001111001011111111101000 
    8045000  +3        001111001101000001111111 
    8055000  +3        001111001110001111011000 
    8065000  +3        001111001111010001101100 
    8075000  +3        001111010000011111000001 
    8085000  +3        001111010001101100010101 
    8095000  +3        001111010010101110100101 
    8105000  +3        001111010011111011110101 
    8115000  +3        001111010100111110000001 
    8125000  +3        001111010110001011001110 
    8135000  +3        001111010111001101011000 
    8145000  +3        001111011000011010100010 
    8155000  +3        001111011001011100101001 
    8165000  +3        001111011010101001101111 
    8175000  +3        001111011011110110110011 
    8185000  +3        001111011100111000110110 
    8195000  +3        001111011110000101110111 
    8205000  +3        001111011111000111110110 
    8215000  +3        001111100000010100110100 
    8225000  +3        001111100001010110110000 
    8235000  +3        001111100010100011101011 
    8245000  +3        001111100011100101100100 
    8255000  +3        001111100100110010011011 
    8265000  +3        001111100101111111010000 
    8275000  +3        001111100111000001000101 
    8285000  +3        001111101000001101110111 
    8295000  +3        001111101001001111101001 
    8305000  +3        001111101010011100010111 
    8315000  +3        001111101011011110000110 
    8325000  +3        001111101100101010110001 
    8335000  +3        001111101101110111011010 
    8345000  +3        001111101110111001000100 
    8355000  +3        001111110000000101101010 
    8365000  +3        001111110001000111010010 
    8375000  +3        001111110010010011110100 
    8385000  +3        001111110011010101011000 
    8395000  +3        001111110100100001110111 
    8405000  +3        001111110101100011011001 
    8415000  +3        001111110110101111110100 
    8425000  +3        001111110111111100001101 
    8435000  +3        001111111000111101101010 
    8445000  +3        001111111010001010000000 
    8455000  +3        001111111011001011011010 
    8465000  +3        001111111100010111101100 
    8475000  +3        001111111101011001000011 
    8485000  +3        001111111110100101010010 
    8495000  +3        001111111111100110100110 
    8505000  +3        010000000000110010110001 
    8515000  +3        010000000001110100000011 
    8525000  +3        010000000011000000001010 
    8535000  +3        010000000100001100010000 
    8545000  +3        010000000101001101011101 
    8555000  +3        010000000110011001011111 
    8565000  +3        010000000111011010101000 
    8575000  +3        010000001000100110100111 
    8585000  +3        010000001001110010100100 
    8595000  +3        010000001010110011101001 
    8605000  +3        010000001011111111100010 
    8615000  +3        010000001101000000100100 
    8625000  +3        010000001110001100011010 
    8635000  +3        010000001111001101011000 
    8645000  +3        010000010000011001001011 
    8655000  +3        010000010001100100111011 
    8665000  +3        010000010010100101110101 
    8675000  +3        010000010011110001100010 
    8685000  +3        010000010100110010011001 
    8695000  +3        010000010101111110000010 
    8705000  +3        010000010110111110110110 
    8715000  +3        010000011000001010011011 
    8725000  +3        010000011001010101111111 
    8735000  +3        010000011010010110101110 
    8745000  +3        010000011011010111011100 
    8755000  +3        010000011100100010111010 
    8765000  +3        010000011101101110010111 
    8775000  +3        010000011110101111000000 
    8785000  +3        010000011111111010011000 
    8795000  +3        010000100000111010111110 
    8805000  +3        010000100010000110010011 
    8815000  +3        010000100011010001100111 
    8825000  +3        010000100100010010001000 
    8835000  +3        010000100101010010101000 
    8845000  +3        010000100110011101110101 
    8855000  +3        010000100111101001000001 
    8865000  +3        010000101000101001011100 
    8875000  +3        010000101001110100100100 
    8885000  +3        010000101010110100111100 
    8895000  +3        010000101100000000000001 
    8905000  +3        010000101101001011000100 
    8915000  +3        010000101110001011010111 
    8925000  +3        010000101111010110010110 
    8935000  +3        010000110000010110100101 
    8945000  +3        010000110001100001100001 
    8955000  +3        010000110010100001101101 
    8965000  +3        010000110011101100100101 
    8975000  +3        010000110100110111011011 
    8985000  +3        010000110101110111100010 
    8995000  +3        010000110111000010010100 
    9005000  +3        010000111000000010011001 
    9015000  +3        010000111001001101000111 
    9025000  +3        010000111010001101001001 
    9035000  +3        010000111011010111110011 
    9045000  +3        010000111100010111110010 
    9055000  +3        010000111101100010011001 
    9065000  +3        010000111110100010010100 
    9075000  +3        010000111111101100110111 
    9085000  +3        010001000000110111011000 
    9095000  +3        010001000001110111001110 
    9105000  +3        010001000011000001101011 
    9115000  +3        010001000100001100000111 
    9125000  +3        010001000101001011111000 
    9135000  +3        010001000110001011101000 
    9145000  +3        010001000111010101111110 
    9155000  +3        010001001000100000010010 
    9165000  +3        010001001001011111111100 
    9175000  +3        010001001010011111100110 
    9185000  +3        010001001011101001110100 
    9195000  +3        010001001100110100000001 
    9205000  +3        010001001101110011100101 
    9215000  +3        010001001110111101101110 
    9225000  +3        010001010000000111110100 
    9235000  +3        010001010001000111010011 
    9245000  +3        010001010010010001010110 
    9255000  +3        010001010011010000110010 
    9265000  +3        010001010100010000001101 
    9275000  +3        010001010101011010001010 
    9285000  +3        010001010110100100000101 
    9295000  +3        010001010111101101111110 
    9305000  +3        010001011000101101010010 
    9315000  +3        010001011001101100100101 
    9325000  +3        010001011010110110011000 
    9335000  +3        010001011100000000001010 
    9345000  +3        010001011100111111010111 
    9355000  +3        010001011110001001000101 
    9365000  +3        010001011111001000001111 
    9375000  +3        010001100000010001111001 
    9385000  +3        010001100001011011100000 
    9395000  +3        010001100010011010100101 
    9405000  +3        010001100011100100001001 
    9415000  +3        010001100100100011001011 
    9425000  +3        010001100101101100101011 
    9435000  +3        010001100110101011101010 
    9445000  +3        010001100111110101000110 
    9455000  +3        010001101000110100000001 
    9465000  +3        010001101001111101011001 
    9475000  +3        010001101010111100010001 
    9485000  +3        010001101100000101100101 
    9495000  +3        010001101101001110111000 
    9505000  +3        010001101110001101101010 
    9515000  +3        010001101111010110111001 
    9525000  +3        010001110000010101101000 
    9535000  +3        010001110001011110110011 
    9545000  +3        010001110010011101011111 
    9555000  +3        010001110011100110100110 
    9565000  +3        010001110100101111101010 
    9575000  +3        010001110101101110010001 
    9585000  +3        010001110110110111010010 
    9595000  +3        010001110111110101110101 
    9605000  +3        010001111000111110110010 
    9615000  +3        010001111010000111101101 
    9625000  +3        010001111011000110001011 
    9635000  +3        010001111100000100101000 
    9645000  +3        010001111101001101011101 
    9655000  +3        010001111110010110001111 
    9665000  +3        010001111111010100100111 
    9675000  +3        010010000000011101010110 
    9685000  +3        010010000001011011101010 
    9695000  +3        010010000010100100010101 
    9705000  +3        010010000011101100111110 
    9715000  +3        010010000100101011001101 
    9725000  +3        010010000101110011110001 
    9735000  +3        010010000110110001111101 
    9745000  +3        010010000111111010011110 
    9755000  +3        010010001000111000100110 
    9765000  +3        010010001010000001000011 
    9775000  +3        010010001010111111001000 
    9785000  +3        010010001100000111100000 
    9795000  +3        010010001101000101100010 
    9805000  +3        010010001110001101110111 
    9815000  +3        010010001111010110001001 
    9825000  +3        010010010000010100000110 
    9835000  +3        010010010001010010000000 
    9845000  +3        010010010010011010001101 
    9855000  +3        010010010011100010011000 
    9865000  +3        010010010100101010100000 
    9875000  +3        010010010101101000010100 
    9885000  +3        010010010110100110000101 
    9895000  +3        010010010111101110001000 
    9905000  +3        010010011000101011110110 
    9915000  +3        010010011001110011110101 
    9925000  +3        010010011010111011110001 
    9935000  +3        010010011011111001011010 
    9945000  +3        010010011101000001010011 
    9955000  +3        010010011110001001001001 
    9965000  +3        010010011111000110101101 
    9975000  +3        010010100000000100001111 
    9985000  +3        010010100001001011111111 
    9995000  +3        010010100010010011101101 
